BernTTSize,noOfR,BernCompLiteralCount,BernCompArea,BernCompMultiLiteralCount,BernCompMultiArea,SymCompLiteralCount,SymCompArea,AsymCompLiteralCount,AsymCompArea,BernICCDLiteralCount,BernICCDArea,SymICCDLiteralCount,SymICCDArea,AsymICCDLiteralCount,AsymICCDArea,BernTCADLiteralCount,BernTCADArea,SymTCADLiteralCount,SymTCADArea,AsymTCADLiteralCount,AsymTCADArea,AsymSlowGreedyLiteralCount,AsymSlowGreedyArea,AsymExhaustiveLiteralCount,AsymExhaustiveArea
5,2,37,50.400000,38,54.400000,42,58.400000,8,11.200000,37,50.400000,41,60.800000,8,11.200000,36,55.200000,45,57.600000,8,11.200000,8,11.200000,9,12.000000,
4,4,30,35.200000,30,35.200000,34,38.400000,6,8.000000,30,35.200000,28,36.000000,6,8.000000,23,28.800000,24,38.400000,6,8.000000,6,8.000000,6,9.600000,
4,2,18,25.600000,27,32.800000,15,24.800000,10,17.600000,18,25.600000,15,24.800000,10,17.600000,18,25.600000,15,24.800000,10,16.000000,10,16.000000,10,16.000000,
4,2,27,35.200000,33,40.800000,20,25.600000,13,18.400000,27,35.200000,20,25.600000,13,18.400000,23,29.600000,19,18.400000,13,16.800000,13,16.800000,13,16.800000,
4,3,26,35.200000,33,45.600000,27,32.800000,16,24.800000,26,35.200000,27,32.800000,16,24.800000,26,35.200000,27,33.600000,16,23.200000,16,23.200000,18,25.600000,
4,3,15,21.600000,26,36.000000,16,20.800000,14,25.600000,15,21.600000,16,20.800000,14,22.400000,15,19.200000,16,23.200000,14,19.200000,14,19.200000,14,22.400000,
4,4,27,34.400000,49,50.400000,24,36.000000,19,24.000000,27,34.400000,24,36.000000,19,24.000000,22,32.800000,29,42.400000,19,27.200000,19,27.200000,19,27.200000,
4,4,34,45.600000,47,50.400000,35,40.000000,21,28.800000,34,45.600000,24,36.800000,21,32.800000,27,36.800000,16,27.200000,21,31.200000,21,31.200000,16,27.200000,
4,8,61,78.400000,74,80.800000,60,75.200000,55,62.400000,62,70.400000,62,72.000000,59,74.400000,61,70.400000,52,68.800000,45,68.800000,45,68.800000,51,68.800000,
4,8,64,70.400000,100,88.000000,59,75.200000,52,60.000000,64,70.400000,65,76.000000,56,63.200000,60,72.000000,58,73.600000,49,62.400000,49,62.400000,52,63.200000,
5,2,37,56.000000,43,62.400000,29,44.000000,14,20.000000,37,54.400000,29,44.000000,14,20.000000,43,66.400000,39,51.200000,14,21.600000,14,21.600000,15,18.400000,
5,2,39,52.800000,42,60.000000,35,49.600000,14,18.400000,39,52.800000,35,49.600000,14,18.400000,40,56.800000,33,54.400000,14,18.400000,14,18.400000,19,28.800000,
5,3,46,65.600000,53,72.000000,38,55.200000,22,28.800000,46,65.600000,38,55.200000,22,28.800000,44,60.800000,51,77.600000,22,27.200000,22,27.200000,
5,3,43,56.000000,49,64.800000,42,65.600000,37,41.600000,43,56.000000,42,63.200000,37,47.200000,38,57.600000,35,56.000000,25,35.200000,25,35.200000,30,39.200000,
5,4,49,64.800000,57,72.800000,49,53.600000,26,29.600000,51,65.600000,47,57.600000,26,29.600000,50,67.200000,54,60.000000,26,32.800000,26,32.800000,
5,4,47,65.600000,60,80.000000,57,68.000000,33,48.000000,47,63.200000,61,69.600000,33,45.600000,47,65.600000,44,68.000000,29,46.400000,29,46.400000,
5,8,94,109.600000,99,121.600000,97,108.000000,70,77.600000,94,106.400000,96,112.800000,57,74.400000,83,105.600000,92,119.200000,57,76.800000,
5,8,86,108.000000,132,125.600000,80,108.800000,68,74.400000,86,100.800000,91,107.200000,68,74.400000,81,105.600000,86,116.800000,64,69.600000,64,69.600000,
3,2,12,16.000000,13,19.200000,10,19.200000,7,10.400000,12,16.000000,10,19.200000,7,10.400000,12,20.000000,10,15.200000,7,10.400000,7,10.400000,7,10.400000,
3,2,6,6.400000,11,20.000000,6,6.400000,6,8.000000,6,6.400000,6,6.400000,6,8.000000,6,5.600000,6,5.600000,6,8.800000,6,8.800000,6,5.600000,
3,3,5,9.600000,5,9.600000,5,9.600000,5,9.600000,5,9.600000,5,9.600000,5,9.600000,5,6.400000,5,6.400000,5,6.400000,5,6.400000,5,6.400000,
3,3,18,28.800000,22,27.200000,14,22.400000,11,13.600000,18,28.800000,14,22.400000,11,13.600000,17,24.800000,22,31.200000,10,16.000000,10,16.000000,10,16.000000,
3,4,14,22.400000,17,27.200000,16,23.200000,10,11.200000,14,22.400000,16,22.400000,10,11.200000,14,21.600000,16,21.600000,10,14.400000,10,14.400000,10,14.400000,
3,4,21,19.200000,28,30.400000,21,24.000000,11,13.600000,21,19.200000,21,24.000000,11,13.600000,21,21.600000,21,28.800000,11,15.200000,11,15.200000,11,15.200000,
3,8,37,42.400000,36,46.400000,31,38.400000,27,35.200000,37,42.400000,31,38.400000,27,35.200000,37,39.200000,31,36.800000,27,33.600000,27,33.600000,27,33.600000,
3,8,42,51.200000,44,56.800000,43,52.000000,43,52.000000,42,51.200000,43,58.400000,43,52.000000,36,49.600000,42,55.200000,37,44.800000,37,44.800000,37,44.800000,
3,12,81,84.000000,86,94.400000,71,83.200000,70,74.400000,74,80.800000,71,83.200000,74,76.000000,55,73.600000,71,82.400000,74,73.600000,74,73.600000,71,82.400000,
6,2,