0.034420
2
1
-1.000000
0.000000
2.000000
1.000000
10
10
-1.000000
8.000000
100
0.000012
0.000006
0.000009
0.000012
0.000003
0.000003
0.000007
0.000000
0.000000
0.126423
0.000002
0.000001
0.000004
0.000004
0.000000
0.000000
1.000000
0.000000
0.000000
0.117924
0.000001
0.000001
0.999999
0.481598
0.000000
0.000000
0.192594
0.000000
0.000000
0.198469
0.000000
0.406188
1.000000
0.000000
0.000000
0.000000
0.000000
0.209910
0.000000
0.083997
0.000001
0.999999
0.000001
0.000000
0.000000
0.000000
0.000000
0.000000
0.000000
0.288013
0.112171
0.309947
0.000000
0.999999
0.826932
0.000000
0.174134
0.569956
0.000000
0.454398
0.999999
0.562035
0.000000
0.022144
0.000000
0.000000
0.000000
0.116518
0.000000
0.000000
0.995362
0.376826
0.181336
1.000000
0.000000
0.000000
0.907017
0.000000
0.000000
0.853804
0.000001
0.554196
0.000009
0.410238
0.082349
0.452356
0.000000
0.000000
0.000000
0.982935
0.999992
0.999998
0.135516
0.613505
0.005029
0.539491
0.131962
0.109158
1.000000
1.000000
