0.042927
3
6
42.000000
40.000000
0.000000
64.000000
128.000000
1.000000
12
12
12
0.000000
32.000000
1728
0.326628
1.000000
1.000000
1.000000
1.000000
1.000000
1.000000
1.000000
1.000000
1.000000
1.000000
1.000000
0.000000
0.178907
1.000000
1.000000
1.000000
1.000000
1.000000
1.000000
1.000000
1.000000
1.000000
1.000000
0.000000
0.000000
0.000000
0.000000
0.000000
0.000000
0.000000
1.000000
1.000000
1.000000
1.000000
1.000000
0.000000
0.000000
0.000000
0.000000
0.000000
0.000000
1.000000
1.000000
1.000000
1.000000
1.000000
1.000000
0.000000
0.000000
0.000000
0.000000
0.000000
0.000000
1.000000
1.000000
1.000000
1.000000
1.000000
1.000000
0.000000
0.000000
0.000000
0.000000
0.000000
0.000000
1.000000
1.000000
1.000000
1.000000
1.000000
1.000000
0.000000
0.000000
0.000000
0.000000
0.000000
0.000000
0.000000
0.000000
0.563331
0.000000
0.000000
0.000000
0.000000
0.000000
0.000000
0.000000
0.000000
0.000000
0.000000
0.000000
0.000000
0.000000
0.000000
0.000000
0.000000
0.000000
0.000000
0.000000
0.000000
0.000000
0.000000
0.000000
0.000000
0.000000
0.000000
0.000000
0.000000
0.000000
0.000000
0.000000
0.000000
0.000000
0.000000
0.000000
0.000000
0.000000
0.000000
0.000000
0.000000
0.000000
0.000000
0.000000
0.000000
0.000000
0.000000
0.000000
0.000000
0.000000
0.000000
0.000000
0.000012
0.000008
0.000011
0.000010
0.000001
0.000000
0.000000
0.000000
0.000000
0.000000
0.000000
0.000000
0.133703
1.000000
1.000000
1.000000
1.000000
1.000000
1.000000
1.000000
1.000000
1.000000
1.000000
1.000000
0.786744
1.000000
1.000000
1.000000
1.000000
1.000000
1.000000
1.000000
1.000000
1.000000
1.000000
1.000000
0.000000
0.000000
0.000000
0.000000
0.000000
0.000000
0.000000
1.000000
1.000000
1.000000
1.000000
1.000000
0.000000
0.000000
0.000000
0.000000
0.000000
0.000000
0.000000
1.000000
1.000000
1.000000
1.000000
1.000000
0.000000
0.000000
0.000000
0.000000
0.000000
0.000000
1.000000
1.000000
1.000000
1.000000
1.000000
1.000000
0.000000
0.000000
0.000000
0.000000
0.000000
0.000000
1.000000
1.000000
1.000000
1.000000
1.000000
1.000000
0.000000
0.000000
0.000000
0.000000
0.000000
0.000000
0.000000
1.000000
1.000000
1.000000
0.999996
0.681054
0.000000
0.000000
0.000000
0.000000
0.000000
0.000000
0.000000
0.000000
0.000000
0.000000
0.000000
0.000000
0.000000
0.000000
0.000000
0.000000
0.000000
0.000000
0.000000
0.000000
0.000000
0.000000
0.000000
0.000000
0.000000
0.000000
0.000000
0.000000
0.000000
0.000000
0.000000
0.000000
0.000000
0.000000
0.000000
0.000000
0.000000
0.000000
0.000000
0.000001
0.000000
0.000000
0.000000
0.000000
0.000000
0.000000
0.000000
0.000000
0.000015
0.000009
0.000013
0.000019
0.000002
0.000000
0.000000
0.000000
0.000000
0.000000
0.000000
0.000000
0.124420
1.000000
1.000000
1.000000
1.000000
1.000000
1.000000
1.000000
1.000000
1.000000
1.000000
0.999993
0.000000
1.000000
1.000000
1.000000
1.000000
1.000000
1.000000
1.000000
1.000000
1.000000
1.000000
0.999997
0.000000
0.000000
0.000000
0.000000
0.000000
1.000000
1.000000
1.000000
1.000000
1.000000
1.000000
0.999997
0.000000
0.000000
0.000000
0.000000
0.000000
1.000000
1.000000
1.000000
1.000000
1.000000
1.000000
0.999994
0.000000
0.000000
0.000000
0.000000
0.000000
1.000000
1.000000
1.000000
1.000000
1.000000
1.000000
0.245145
0.000000
0.000000
0.000000
0.000000
0.000000
1.000000
1.000000
1.000000
1.000000
1.000000
0.999999
0.000030
0.000000
0.000000
0.000000
0.000000
0.000000
1.000000
1.000000
1.000000
1.000000
1.000000
0.999997
0.000140
0.000000
0.000000
0.000000
0.000000
0.000000
1.000000
1.000000
1.000000
1.000000
0.999999
0.999985
0.181523
0.000000
0.000000
0.000000
0.000000
0.999998
1.000000
1.000000
1.000000
0.999999
0.999990
0.336973
0.000140
0.000000
0.000000
0.000000
0.000000
0.999999
1.000000
0.999999
0.999997
0.999985
0.999768
0.000127
0.000134
0.000001
0.000001
0.000001
0.000004
0.999990
0.999991
0.999982
0.999937
0.999629
0.000750
0.000299
0.000337
0.000046
0.000031
0.000054
0.000336
0.999673
0.999637
0.999194
0.997198
0.069179
0.003812
0.001951
0.002208
0.374263
1.000000
1.000000
1.000000
1.000000
1.000000
1.000000
1.000000
1.000000
1.000000
1.000000
1.000000
0.580322
1.000000
1.000000
1.000000
1.000000
1.000000
1.000000
1.000000
1.000000
1.000000
1.000000
1.000000
0.000000
0.000000
0.249262
1.000000
1.000000
1.000000
1.000000
1.000000
1.000000
1.000000
1.000000
1.000000
0.000000
0.000000
0.000000
1.000000
1.000000
1.000000
1.000000
1.000000
1.000000
1.000000
1.000000
1.000000
0.000000
0.000000
0.000000
1.000000
1.000000
1.000000
1.000000
1.000000
1.000000
1.000000
1.000000
1.000000
0.000000
0.000000
1.000000
1.000000
1.000000
1.000000
1.000000
1.000000
1.000000
1.000000
1.000000
1.000000
0.000000
0.000000
1.000000
1.000000
1.000000
1.000000
1.000000
1.000000
1.000000
1.000000
0.000015
0.000002
0.000000
0.000000
1.000000
1.000000
1.000000
1.000000
1.000000
1.000000
1.000000
0.999999
0.736880
0.000017
0.000000
0.000000
1.000000
1.000000
1.000000
1.000000
1.000000
1.000000
1.000000
1.000000
1.000000
1.000000
0.000001
0.999908
1.000000
1.000000
1.000000
1.000000
1.000000
1.000000
1.000000
1.000000
1.000000
1.000000
0.000024
0.999968
0.999995
0.999997
0.999998
1.000000
1.000000
1.000000
1.000000
1.000000
1.000000
1.000000
0.001668
0.999210
0.999807
0.999881
0.999967
0.999997
1.000000
1.000000
1.000000
1.000000
1.000000
1.000000
0.000000
1.000000
1.000000
1.000000
1.000000
1.000000
1.000000
1.000000
1.000000
1.000000
1.000000
1.000000
0.000000
0.000000
1.000000
1.000000
1.000000
1.000000
1.000000
1.000000
1.000000
1.000000
1.000000
1.000000
0.382317
1.000000
1.000000
1.000000
1.000000
1.000000
1.000000
1.000000
1.000000
1.000000
1.000000
1.000000
1.000000
1.000000
1.000000
1.000000
1.000000
1.000000
1.000000
1.000000
1.000000
1.000000
1.000000
1.000000
1.000000
1.000000
1.000000
1.000000
1.000000
1.000000
1.000000
1.000000
1.000000
1.000000
1.000000
1.000000
1.000000
1.000000
1.000000
1.000000
1.000000
1.000000
1.000000
1.000000
1.000000
1.000000
1.000000
1.000000
1.000000
1.000000
1.000000
1.000000
1.000000
1.000000
1.000000
1.000000
1.000000
1.000000
0.999996
0.899969
1.000000
1.000000
1.000000
1.000000
1.000000
1.000000
0.000000
0.000000
0.000000
0.000000
0.000000
0.000000
1.000000
1.000000
1.000000
1.000000
1.000000
1.000000
0.000000
0.000000
0.000000
0.000000
0.000000
0.000000
0.999998
1.000000
1.000000
1.000000
1.000000
0.999998
0.000000
0.000000
0.000000
0.000000
0.000000
0.000000
0.999965
0.999991
0.999995
0.999996
0.999994
0.000015
0.000001
0.000000
0.000000
0.000000
0.000000
0.000000
0.998394
0.999585
0.999780
0.999811
0.999779
0.999873
0.999982
0.999997
0.999999
1.000000
1.000000
1.000000
0.859778
0.967761
1.000000
1.000000
1.000000
1.000000
1.000000
1.000000
1.000000
1.000000
0.999999
0.999979
0.837237
1.000000
1.000000
1.000000
1.000000
1.000000
1.000000
1.000000
1.000000
1.000000
1.000000
0.999993
0.000000
0.000000
0.000000
0.413356
1.000000
1.000000
1.000000
1.000000
1.000000
1.000000
1.000000
0.999994
0.000000
0.000000
0.000000
0.000000
1.000000
1.000000
1.000000
1.000000
1.000000
1.000000
1.000000
0.999990
0.000000
0.000000
0.000000
0.000000
1.000000
1.000000
1.000000
1.000000
1.000000
1.000000
0.999999
0.523141
0.000000
0.000000
0.000000
1.000000
1.000000
1.000000
1.000000
1.000000
1.000000
1.000000
0.999998
0.000016
0.000000
0.000000
0.000000
1.000000
1.000000
1.000000
1.000000
1.000000
1.000000
0.999999
0.999984
0.000021
0.000000
0.000000
0.000000
1.000000
1.000000
1.000000
1.000000
1.000000
1.000000
0.999996
0.999952
0.660902
0.000000
0.000000
0.000000
1.000000
1.000000
1.000000
1.000000
0.999999
0.999996
0.999979
0.999966
0.999958
0.000001
0.000001
0.000017
0.999999
0.999999
0.999999
0.999997
0.999991
0.999959
0.999924
0.999951
0.999944
0.000017
0.000017
0.999940
0.999987
0.999987
0.999978
0.999945
0.999814
0.999525
0.999722
0.999851
0.999830
0.001018
0.001162
0.998632
0.999465
0.999431
0.999028
0.997640
0.993554
0.994250
0.997874
0.998883
0.998731
1.000000
0.000000
1.000000
1.000000
1.000000
1.000000
1.000000
1.000000
1.000000
1.000000
0.999998
0.999933
1.000000
1.000000
1.000000
1.000000
1.000000
1.000000
1.000000
1.000000
1.000000
1.000000
0.999999
0.999973
0.000000
0.000000
0.000000
0.000000
1.000000
1.000000
1.000000
1.000000
1.000000
1.000000
0.999999
0.999974
0.000000
0.000000
0.000000
0.000000
1.000000
1.000000
1.000000
1.000000
1.000000
1.000000
0.999999
0.999942
0.000000
0.000000
0.000000
0.000000
1.000000
1.000000
1.000000
1.000000
1.000000
1.000000
0.999998
0.804908
0.000000
0.000000
0.000000
0.000000
1.000000
1.000000
1.000000
1.000000
1.000000
1.000000
0.999994
0.000364
0.000000
0.000000
0.000000
0.000000
1.000000
1.000000
1.000000
1.000000
1.000000
0.999998
0.999975
0.496140
0.000000
0.000000
0.000000
0.000001
1.000000
1.000000
1.000000
1.000000
0.999999
0.999989
0.999863
0.997167
0.000000
0.000000
0.000000
0.999999
1.000000
1.000000
0.999999
0.999998
0.999988
0.999907
0.393248
0.001304
0.000001
0.000001
0.000002
0.999996
0.999998
0.999997
0.999992
0.999971
0.999852
0.997582
0.001076
0.001139
0.000028
0.000022
0.000077
0.999944
0.999957
0.999932
0.999834
0.999416
0.996532
0.005837
0.002478
0.002785
0.001586
0.001320
0.009860
0.997971
0.998201
0.997094
0.993140
0.977631
0.207229
0.026850
0.014745
0.016520
1.000000
0.954820
1.000000
1.000000
1.000000
1.000000
1.000000
1.000000
1.000000
1.000000
1.000000
1.000000
0.000000
0.753077
1.000000
1.000000
1.000000
1.000000
1.000000
1.000000
1.000000
1.000000
1.000000
1.000000
0.000000
1.000000
1.000000
1.000000
1.000000
1.000000
1.000000
1.000000
1.000000
1.000000
1.000000
1.000000
0.310419
1.000000
1.000000
1.000000
1.000000
1.000000
1.000000
1.000000
1.000000
1.000000
1.000000
1.000000
1.000000
1.000000
1.000000
1.000000
1.000000
1.000000
1.000000
1.000000
1.000000
1.000000
1.000000
1.000000
1.000000
1.000000
1.000000
1.000000
1.000000
1.000000
1.000000
1.000000
1.000000
1.000000
1.000000
1.000000
1.000000
1.000000
1.000000
1.000000
1.000000
1.000000
1.000000
1.000000
0.999999
0.999992
0.999900
0.951219
0.999999
1.000000
1.000000
1.000000
1.000000
1.000000
0.000000
0.000000
0.000000
0.000000
0.000000
0.000000
0.999994
0.999999
0.999999
1.000000
0.999999
0.999998
0.000000
0.000000
0.000000
0.000000
0.000000
0.000000
0.999931
0.999986
0.999993
0.999994
0.999993
0.999992
0.999998
1.000000
1.000000
1.000000
1.000000
1.000000
0.998679
0.999722
0.999863
0.999888
0.999912
0.999985
0.999998
1.000000
1.000000
1.000000
1.000000
1.000000
0.958558
0.989033
0.994336
0.996026
0.999041
0.999916
0.999991
0.999999
1.000000
1.000000
1.000000
1.000000
1.000000
0.651846
1.000000
1.000000
1.000000
1.000000
1.000000
1.000000
1.000000
1.000000
1.000000
1.000000
0.000000
0.000000
0.665271
1.000000
1.000000
1.000000
1.000000
1.000000
1.000000
1.000000
1.000000
1.000000
1.000000
1.000000
1.000000
1.000000
1.000000
1.000000
1.000000
1.000000
1.000000
1.000000
1.000000
1.000000
1.000000
1.000000
1.000000
1.000000
1.000000
1.000000
1.000000
1.000000
1.000000
1.000000
1.000000
1.000000
1.000000
1.000000
1.000000
1.000000
1.000000
1.000000
1.000000
1.000000
1.000000
1.000000
1.000000
1.000000
1.000000
1.000000
1.000000
1.000000
1.000000
1.000000
1.000000
1.000000
1.000000
1.000000
1.000000
1.000000
1.000000
1.000000
1.000000
1.000000
1.000000
1.000000
1.000000
0.999999
0.999994
0.999572
0.000029
0.000031
1.000000
1.000000
1.000000
1.000000
1.000000
0.999999
0.999999
1.000000
1.000000
1.000000
1.000000
1.000000
0.999999
0.999999
0.999999
0.999999
0.999998
0.999999
1.000000
1.000000
1.000000
1.000000
1.000000
1.000000
0.999985
0.999991
0.999990
0.999984
0.999985
0.999998
1.000000
1.000000
1.000000
1.000000
1.000000
1.000000
0.999620
0.999779
0.999753
0.999697
0.999928
0.999994
0.999999
1.000000
1.000000
1.000000
1.000000
1.000000
0.982184
0.989286
0.988918
0.993616
0.999445
0.999958
0.999996
0.999999
1.000000
1.000000
1.000000
1.000000
1.000000
0.116186
1.000000
1.000000
1.000000
1.000000
1.000000
1.000000
1.000000
1.000000
1.000000
1.000000
1.000000
1.000000
1.000000
1.000000
1.000000
1.000000
1.000000
1.000000
1.000000
1.000000
1.000000
1.000000
0.000000
0.000000
0.641135
1.000000
1.000000
1.000000
1.000000
1.000000
1.000000
1.000000
1.000000
1.000000
0.000000
0.000000
0.000000
0.000000
0.000000
0.000000
0.999996
1.000000
1.000000
1.000000
1.000000
1.000000
0.000000
0.000000
0.000000
0.000000
0.000000
0.000000
0.999999
1.000000
1.000000
1.000000
1.000000
1.000000
0.000000
0.000000
0.000000
0.000000
0.000000
0.000000
0.000003
1.000000
1.000000
1.000000
1.000000
1.000000
0.000000
0.000000
0.000000
0.000000
0.000000
0.000000
0.000003
0.999948
0.999922
0.999500
0.274434
0.005596
0.000000
0.000000
0.000000
0.000000
0.000000
0.000004
1.000000
1.000000
1.000000
1.000000
1.000000
1.000000
0.000000
0.000000
0.000000
0.000001
0.000004
0.999997
1.000000
1.000000
1.000000
1.000000
1.000000
1.000000
0.000006
0.000004
0.000006
0.000014
0.998936
0.999996
1.000000
1.000000
1.000000
1.000000
1.000000
1.000000
0.000159
0.000102
0.000144
0.000394
0.999831
0.999989
0.999999
1.000000
1.000000
1.000000
1.000000
1.000000
0.008164
0.005377
0.007572
0.112978
0.998865
0.999916
0.999991
0.999999
1.000000
1.000000
1.000000
1.000000
1.000000
1.000000
1.000000
1.000000
1.000000
0.999999
0.999997
0.999986
0.999924
0.999307
0.002667
0.002263
1.000000
1.000000
1.000000
1.000000
1.000000
1.000000
1.000000
1.000000
0.999998
0.999966
0.001184
0.000597
0.000000
0.000000
0.895404
1.000000
1.000000
0.999999
0.999999
0.999995
0.999976
0.999814
0.997671
0.552621
0.000000
0.000000
0.000000
0.000000
0.000000
0.000000
0.000000
0.000000
0.000008
0.999723
0.999928
0.999917
0.000000
0.000000
0.000000
0.000000
0.000000
0.000000
0.000000
0.000001
0.000015
0.999938
0.999972
0.999968
0.000000
0.000000
0.000000
0.000000
0.000000
0.000000
0.000000
0.000003
0.000068
0.999955
0.999977
0.999974
0.000000
0.000000
0.000000
0.000000
0.000000
0.000000
0.000001
0.000014
0.013855
0.999926
0.999962
0.999957
0.000000
0.000000
0.000000
0.000000
0.000000
0.000001
0.000010
0.000103
0.001739
0.077277
0.854753
0.784848
0.000000
0.000000
0.000000
0.000001
0.000003
0.000014
0.000101
0.000752
0.000511
0.000164
0.000085
0.000096
0.000006
0.000004
0.000005
0.000012
0.000043
0.000218
0.001454
0.002797
0.000715
0.000224
0.000116
0.000132
0.000152
0.000097
0.000135
0.000315
0.001094
0.005227
0.021545
0.009401
0.002149
0.000681
0.000354
0.000403
0.007808
0.005111
0.007020
0.015266
0.043968
0.139134
0.184855
0.053523
0.014470
0.004904
0.002606
0.002952
1.000000
0.582533
0.999956
0.999972
0.999968
0.999943
0.999857
0.999496
0.997529
0.984668
0.902658
0.686458
0.126172
0.999967
0.999988
0.999991
0.999988
0.999979
0.999947
0.999810
0.999072
0.994553
0.968415
0.909914
0.000042
0.427373
0.999986
0.999991
0.999990
0.999982
0.999956
0.999844
0.999255
0.996096
0.981218
0.963066
0.000051
0.000294
0.999980
0.999988
0.999986
0.999976
0.999939
0.999787
0.999019
0.995445
0.983316
0.974282
0.000126
0.998836
0.999962
0.999976
0.999972
0.999951
0.999875
0.999565
0.998076
0.991854
0.977323
0.969039
0.000504
0.999306
0.999899
0.999931
0.999919
0.999855
0.999636
0.998737
0.994559
0.977504
0.943375
0.925771
0.003048
0.998390
0.999614
0.999725
0.999669
0.999411
0.998528
0.994996
0.978456
0.901049
0.642174
0.564299
0.026032
0.993580
0.997959
0.998476
0.998150
0.996742
0.992134
0.975576
0.915277
0.722617
0.656484
0.630373
0.268068
0.965216
0.985801
0.988859
0.986548
0.977442
0.951826
0.880277
0.720227
0.743846
0.828266
0.810516
0.513525
0.801037
0.897794
0.914213
0.899872
0.847871
0.720436
0.586407
0.586156
0.702590
0.799157
0.780474
0.502078
0.524204
0.557770
0.572030
0.558028
0.532366
0.513498
0.509033
0.527099
0.583120
0.650368
0.634688
0.500071
0.500574
0.501316
0.501627
0.501298
0.500727
0.500391
0.500844
0.503714
0.511915
0.522998
0.520220
