0.072932
2
8
-1.000000
0.000000
2.000000
1.000000
12
12
-4.000000
64.000000
144
0.999743
0.999888
0.999870
0.999655
0.999335
0.999299
0.999933
0.999992
0.999986
0.000000
1.000000
0.706843
0.999969
0.999983
0.999968
0.191529
0.999946
0.999965
0.999980
0.999999
1.000000
0.000000
0.746965
0.711638
0.999991
0.999992
0.775232
0.000026
0.999993
0.999996
0.259628
1.000000
1.000001
0.000000
0.839209
0.679318
0.999994
0.999991
0.000008
0.999918
0.999996
0.999997
0.000003
0.999999
1.000001
0.733268
1.000003
0.767497
0.999993
0.999975
0.584423
0.999981
1.000000
0.999996
0.000001
0.397376
0.999997
0.925061
0.703385
0.480265
0.999810
0.222114
1.000001
0.387982
0.323604
0.999997
0.332213
0.896801
0.999996
0.000001
0.758515
0.999970
0.000003
0.999982
1.000000
0.703710
1.000009
1.000006
0.999991
1.000004
1.000008
0.910714
1.000009
0.245967
0.000002
0.853895
1.000020
0.000001
0.786216
0.999911
0.000000
0.624829
0.658195
0.003580
0.999987
0.867991
0.000005
0.990062
0.786733
0.879673
0.999993
0.479179
0.936893
1.000022
0.999998
0.877217
1.000005
0.346436
0.999979
0.999976
0.037705
0.822682
1.000010
0.268806
0.932788
0.974355
0.000000
0.651768
0.999999
0.000000
0.020719
0.999997
0.999991
0.692838
0.493247
1.000025
0.767886
0.398275
1.000020
1.000006
0.996741
0.000000
0.000006
0.000914
1.000004
0.699334
0.511011
0.999971
0.518097
0.667011
1.000018
0.507916
0.000000
0.000000
